-- bloke_left_0
00110000
00110000
00011100
01111000
00011000
00100100
01000010
01000000

-- bloke_left_1
00110000
00110000
00011000
00111100
00011000
00011000
00100100
00000100

-- bloke_left_2
00110000
00110000
00111000
00011110
00011000
00100100
01000010
00000010

-- bloke_left_3
00110000
00110000
00011000
00111100
00011000
00011000
00100100
00100000

-- bloke_right_0
00001100
00001100
00111000
00011110
00011000
00100100
01000010
00000010

-- bloke_right_1
00001100
00001100
00011000
00111100
00011000
00011000
00100100
00100000

-- bloke_right_2
00001100
00001100
00011100
01111000
00011000
00100100
01000010
01000000

-- bloke_right_3
00001100
00001100
00011000
00111100
00011000
00011000
00100100
00000100

